PREC = 200, tol = 6.931151e-310
order = 4, lambda = 3.5440903595519228536159659866048045405830998454445736754578145e+00 
order = 8, lambda = 3.5644072660954325977735575865289824506577347383790085577414734e+00 
order = 16, lambda = 3.5687594195438264312982102800253153703569938395807820794068374e+00 
order = 32, lambda = 3.5696916098013967142882687062954666071865704082915178154173504e+00 
order = 64, lambda = 3.569891259378120487320271200585449389795825123374417804033268e+00 
order = 128, lambda = 3.5699340183739764011848556018871913712192830120006229076803468e+00 
order = 256, lambda = 3.5699431760484016363544429761623177495408066656406203061183655e+00 
